siteID,yearCollected,monthCollected,avg_richness_plotmonth,avg_mass_plotmonth
BART,2016,5,1.6666666666666667,5.1040535714285715
BART,2016,6,3.05,34.064791666666665
BART,2016,7,3.1,1.3355000000000001
BART,2016,9,2.9,1.807704081632653
BART,2017,5,2.05,15.6130625
BART,2017,6,3.2,1.7935973810820625
BART,2017,8,3.25,0.765316745003634
BART,2017,9,2.2,3.180002541757444
BART,2018,5,1.95,26.60723978099513
BART,2018,6,3.5,5.86383814758847
BART,2018,7,3.25,4.2645004289215684
BART,2018,8,3.1,2.270984768907563
BART,2018,9,3.5,4.8753746031746035
BART,2019,5,1.7142857142857142,19.075158386496543
BART,2019,6,4.55,4.298911237373737
BART,2019,7,5.4,2.8539887347742128
BART,2019,8,4.65,1.485210763888889
BART,2019,9,3.75,2.187529494263405
BART,2019,10,1.8888888888888888,7.212486286061878
BART,2020,8,4.1,0.9661943619493252
BART,2020,9,3.55,1.3918011695906434
BART,2021,5,2.111111111111111,13.137937335254145
BART,2021,6,4.6,0.8846368464052288
BART,2021,7,4.65,0.5518640565875473
BART,2021,8,4.75,0.48931331765302355
BART,2021,9,3.5,0.64172189171123
BART,2022,5,2.2,10.53979653266801
BART,2022,6,4.65,1.035453431372549
BART,2022,7,5.65,0.8621072303921569
BART,2022,8,3.8,0.6696705248487602
BART,2022,9,2.8,0.7305887163490105
BART,2023,5,2.8333333333333335,12.618879112477728
BART,2023,6,4.583333333333333,0.8467514297385621
BART,2023,7,5.166666666666667,0.4319837415146239
BART,2023,8,4.25,0.5334740992568199
BART,2023,9,3.5833333333333335,1.5248158969728243
GRSM,2016,6,3.1,2.470142857142857
GRSM,2016,9,3.35,11.250247142808172
GRSM,2016,10,2.5714285714285716,3.894345238095238
GRSM,2017,8,4.75,21.197166552884987
GRSM,2018,4,2,6.1787449618736385
GRSM,2018,9,3.35,28.73056720851612
GRSM,2019,4,3.35,10.473113425925925
GRSM,2019,9,3,19.174649104636664
GRSM,2021,4,2.4285714285714284,1.664853778467909
GRSM,2021,9,3.5,12.9489006756239
GRSM,2022,4,2.25,6.6414258805374
GRSM,2022,9,2.5,17.79505402236652
GRSM,2023,4,1.9166666666666667,3.597450884837366
GRSM,2023,9,3.5,10.059686845576174
HARV,2016,5,1.6,6.119813235294118
HARV,2016,7,2,2.2808571428571427
HARV,2016,9,1.75,2.3222321428571426
HARV,2017,6,1.85,2.4001468115755076
HARV,2017,8,2.066666666666667,1.8249966797815618
HARV,2018,5,2.7,6.374543055555556
HARV,2018,6,3.45,5.317318014705882
HARV,2018,7,3.55,4.8472016317016315
HARV,2018,8,2.6,5.76465522875817
HARV,2019,5,2.25,2.6080722222222223
HARV,2019,6,3.1875,6.308783333333333
HARV,2019,7,2.8666666666666667,4.199008922097854
HARV,2019,8,3,2.2552
HARV,2019,9,2,4.977383942364825
HARV,2020,7,2.6,1.2594016444297016
HARV,2020,8,2.3,3.211480392156863
HARV,2020,9,1.5555555555555556,1.683888641640867
HARV,2021,5,2.2,2.223312908496732
HARV,2021,6,3,0.7703784033646649
HARV,2021,7,2.5,1.312986274509804
HARV,2021,8,2.75,1.1829234928620571
HARV,2021,9,1.6666666666666667,1.3109246001031991
HARV,2022,5,2.1,0.8556612384347678
HARV,2022,6,2.6166666666666667,1.0348077055383558
HARV,2022,8,1.9375,1.5155840643274854
HARV,2022,9,1.5,0.947646934124527
HARV,2023,5,2.1666666666666665,0.829215561302326
HARV,2023,6,2.5,0.5190514705882353
HARV,2023,7,2,0.45578971018231856
HARV,2023,8,1.8888888888888888,0.6703371615312792
HARV,2023,9,3,1.129908905228758
MLBS,2017,9,4.666666666666667,4.0505234375
MLBS,2018,5,3.25,10.156625
MLBS,2018,8,3.9,42.81129730535609
MLBS,2018,9,3.8,26.381892515120967
MLBS,2019,5,3.7,14.549277777777778
MLBS,2019,9,2.9,9.479300775899715
MLBS,2020,7,4.4,4.953697848583878
MLBS,2021,5,3.25,7.1217538126361655
MLBS,2021,9,3.95,6.148904358150231
MLBS,2022,9,3.6,6.65638341753502
MLBS,2023,5,2.888888888888889,6.54902559912854
MLBS,2023,8,4,9.429911745952802
MLBS,2023,9,3.5833333333333335,0.9839540020393651
ORNL,2016,4,1.5,7.876986029411764
ORNL,2016,6,2.1,2.8074642857142855
ORNL,2016,9,1.7142857142857142,6.9425357142857145
ORNL,2016,10,1.3333333333333333,2.845732142857143
ORNL,2017,4,1.8,9.121897074286633
ORNL,2017,9,1.75,6.495581381302522
ORNL,2018,4,2.4166666666666665,39.814528649617294
ORNL,2018,9,2.3333333333333335,19.15870174194678
ORNL,2019,8,1.8333333333333333,28.666742424242425
ORNL,2019,9,1.7777777777777777,4.400238379383774
ORNL,2020,5,3.5555555555555554,14.464335035612535
ORNL,2021,3,2,7.014376587197924
ORNL,2021,9,2,2.1022908082420195
ORNL,2022,3,1.2857142857142858,10.635114931561997
ORNL,2022,9,1.85,3.347275148544266
ORNL,2023,3,1.3333333333333333,12.876398786717752
ORNL,2023,9,1.5,2.676004256854257
SCBI,2016,5,2.15,2.1522647907647907
SCBI,2016,7,3.5555555555555554,2.984924013123768
SCBI,2016,9,2.3,2.577014411027569
SCBI,2017,5,2.15,1.7795208978328174
SCBI,2017,7,2.888888888888889,2.7196079707924836
SCBI,2017,9,2.6875,2.516251274364376
SCBI,2018,5,2.2142857142857144,2.2392932865065216
SCBI,2018,7,2.7222222222222223,10.727144097222222
SCBI,2018,8,1.8833333333333333,15.2057961361015
SCBI,2018,9,2,21.62483025945732
SCBI,2019,5,2.611111111111111,6.497557098765432
SCBI,2019,7,3.9,4.031288487949672
SCBI,2019,8,2.5555555555555554,6.34577086656034
SCBI,2019,9,1.9166666666666667,7.137759165752548
SCBI,2020,7,2.8666666666666667,4.719231601731602
SCBI,2020,9,2.111111111111111,2.3285364677398706
SCBI,2021,5,2.95,2.5407598039215684
SCBI,2021,7,4.2,2.234165931372549
SCBI,2021,8,3.75,2.083240389576883
SCBI,2021,9,2.388888888888889,1.8373071381886088
SCBI,2022,4,1.5625,17.617392563235985
SCBI,2022,6,2.9,2.354211744639376
SCBI,2022,7,3.2222222222222223,2.0279468309253526
SCBI,2022,8,3.15,2.4948059640522877
SCBI,2022,9,2.2222222222222223,3.2255363002574766
SCBI,2023,4,1.75,22.000436506415124
SCBI,2023,8,2.6666666666666665,4.387763888888889
SCBI,2023,9,1.3,1.704999877800123
